10
.\output\PIC%03d.data
640 480 90
4.1 1.0 0.0     2.0 0.3 1.0 1.0 2.0     0.0 0.0
1.0 0.0 0.0     0.5 0.1 1.0 1.0 2.0     0.0 0.0
3.0 3.0 0.0     1.0 0.0 0.0     2.0     0.1     0.9     10
0.0 0.0 0.0     0.0 1.0 0.0     1.5     0.2     0.8     10
-3.0 -3.0 0.0   0.0 0.7 0.7     1.0     0.3     0.7     10
-5.0 -5.0 -2.1  -5.0 5.0 -2.1   5.0 5.0 -2.1    5.0 -5.0 -2.1   .\resources\texture4.data       1.0 1.0 1.0     0.3
4
-5.0 -5.0 5.0   1.0 1.0 1.0
5.0 5.0 5.0     1.0 1.0 1.0
-5.0 5.0 5.0    1.0 0.996 0.890
5.0 -5.0 5.0    1.0 0.996 0.890
7 4